X,count,century,centurylabel,dynasty,dynstart,dynend,X1,X2,X3,X4,poly,weight,prediction,model,diff_abs,piotweight,piotweight_original
-1100,1828.42518587361,-1100,-1100–-1000,商,-1600,-1046,405.432620817844,1299.01579925651,22.8954460966543,101.081319702602,1422.99256505576,4.753164919603,8722.66558606455,8722.66558606455,6894.24040019094,1,4.77058927729488
-1000,1848.37561957869,-1000,-1000–-900,战国燕,-1030,-223,406.73373605948,1314.80266418835,24.1098203221809,102.729399008674,1441.64188351921,4.70186165601663,10599.487733822,1876.82214775745,28.4465281787598,1.01539001482028,1.01539001482028
-900,3879.37561957869,-900,-900–-800,战国燕,-1030,-223,797.733736059479,2712.80266418835,53.1098203221809,315.729399008674,3081.64188351921,2.24025907874238,12861.1537929082,2261.6660590862,-1617.70956049249,0.582997441050017,0.582997441050017
-800,2529.17561957867,-800,-800–-700,战国燕,-1030,-223,458.200402726146,1923.60266418834,29.4431536555143,117.929399008674,2070.97521685253,3.43622102962577,15577.7340567688,2716.5802638606,187.40464428193,1.07409712589004,1.07409712589004
-700,2327.57561957872,-700,-700–-600,战国燕,-1030,-223,213.517069392813,2024.25266418838,22.5264869888476,67.2793990086741,2114.0585501859,3.73384494085138,18828.0231017504,3250.2890449816,922.713425402881,1.39642683040729,1.39642683040729
-600,721.375619578692,-600,-600–-500,战国燕,-1030,-223,88.9837360594796,564.052664188351,11.8598203221809,56.4793990086741,632.391883519206,12.047546681282,22698.7689313322,3870.7458295818,3149.37021000311,5.36578409988745,5.36578409988745
-500,7714.5930581246,-500,-500–-400,战国燕,-1030,-223,825.303875477536,6171.92023114565,157.351946306433,560.017005194997,6889.28918264708,1.12654113912857,27282.8757517009,4584.1068203687,-3130.4862377559,0.594212395369443,0.594212395369443
-400,14693.7942721379,-400,-400–-300,战国燕,-1030,-223,1470.06418523758,11859.7302634058,309.816297898707,1054.18352559512,13223.7300868996,0.59146101344922,32676.2311122062,5393.3553605053,-9300.4389116326,0.367049875656152,0.367049875656152
-300,8280.42206202632,-300,-300–-200,战国燕,-1030,-223,855.218431596867,6759.092685719,139.258100106081,526.852844604757,7425.20363042984,1.0495608057793,38972.8206231791,6296.5895109729,-1983.83255105342,0.760418909061267,0.760418909061267
-200,5753.93205933818,-200,-200–-100,汉代,-206,220,441.812613639442,4947.36189461178,105.569459144075,259.188091942793,5312.11944569865,1.51041172575344,46257.8940114564,7285.07338827731,1531.14132893913,1.26610347726546,1.26610347726546
-100,12189.7942652125,-100,-100–0,汉代,-206,220,790.606447936164,10178.104639985,484.068495752938,737.014681538169,11399.1878172761,0.712957598998615,54599.1766691447,8341.28265768829,-3848.51160752421,0.684284121307349,0.684284121307349
0,4551.34217023665,0,0–100,汉代,-206,220,218.895816196768,4032.86750856607,73.9066460419551,225.67219943345,4332.44635404148,1.90950408177312,64036.5098312928,9437.33316214811,4885.99099191145,2.07352750225268,2.07352750225268
100,12524.7509346076,100,100–200,东汉,25,220,1532.05767549597,9981.25692830638,378.449909714699,632.986421090632,10992.6932591117,0.693890560937157,74570.8387117573,10534.3288804645,-1990.4220541431,0.84108090735415,0.84108090735415
200,9535.15780363615,200,200–300,东汉,25,220,198.834423077027,8623.50368746787,221.253899714128,491.565793378352,9336.32338056036,0.911448623146945,86154.0682027023,11583.229490945,2048.07168730885,1.2147915880876,1.2147915880876
300,4555.07802570227,300,300–400,晋,265,420,101.608281665953,4057.93436684174,206.526730743333,189.00864645133,4453.4697440364,1.90793799855341,98681.7967127666,12527.7285100643,7972.65048436204,2.75027747919485,2.75027747919485
400,18052.0351596004,400,400–500,北魏,386,534,358.720019458448,16233.4626768804,590.840061660537,869.012401602161,17693.3151401431,0.481430840056341,111991.078578562,13309.2818657954,-4742.75329380501,0.737273207598273,0.737273207598273
500,17853.8642989195,500,500–600,南朝齐,479,502,661.356401432485,16002.9073150965,506.581101362133,683.019481027905,17192.5078974865,0.486774532734573,125864.927338054,13873.848759492,-3980.0155394275,0.777078201514707,0.777078201514707
600,14520.1071891647,600,600–700,隋,581,618,169.747430863024,12636.5792955994,744.943560666231,968.836902036027,14350.3597583017,0.598535970732939,140044.176517264,14179.24917921,-340.858009954711,0.976525103739656,0.976525103739656
700,14031.2911214241,700,700–800,唐,618,907,258.7740419033,12017.7317602772,1098.28261374825,656.502705495254,13772.5170795207,0.619387508704967,154245.746340784,14201.56982352,170.278702095926,1.01213564030725,1.01213564030725
800,13105.6860398972,800,800–900,唐,618,907,252.097600861384,11348.6922907812,912.444149157079,592.451999096996,12853.5884390352,0.663132507917242,168184.779151972,13939.032811188,833.346771290793,1.063586657635,1.063586657635
900,6667.80315932965,900,900–1000,唐,618,907,154.885051647919,5098.42424041863,869.23426646073,545.259600802309,6512.91810768166,1.30339877227071,181597.069015337,13412.289863365,6744.48670403535,2.01150057115864,2.01150057115864
1000,17319.2573967887,1000,1000–1100,宋,960,1279,359.118719479286,14700.7816361894,1247.09068223803,1012.26635888268,16960.1386773101,0.501800178408599,194258.129889276,12661.060873939,-4658.19652284971,0.731039477263417,0.731039477263417
1100,10158.0152820164,1100,1100–1200,宋,960,1279,211.082120037971,7947.51405896774,1161.53699017841,837.882112832055,9946.9331619782,0.855561466519851,205996.154827411,11738.024938135,1580.0096561186,1.1555431462006,1.1555431462006
1200,9353.04466152997,1200,1200–1300,金,1115,1234,192.467592931159,6556.81223246111,1402.88741154436,1200.87742459327,9160.57706859874,0.929195440214157,216697.655649642,10701.500822231,1348.45616070103,1.14417296286923,1.14417296286923
1300,10650.5859194016,1300,1300–1400,元,1234,1367,184.263570969505,7626.71011519144,1493.44183829682,1346.17039494381,10466.3223484321,0.815993271861357,226306.178754512,9608.52310486999,-1042.06281453161,0.90215910914034,0.90215910914034
1400,2731.3855485042,1400,1400–1500,明,1368,1644,49.491863505449,2034.05850742116,328.496955130765,319.338222446819,2681.89368499874,3.1818307219105,234815.681331482,8509.50257697,5778.1170284658,3.11545273483273,3.11545273483273
1500,8878.83819858238,1500,1500–1600,明,1368,1644,172.575866271198,6890.00730638846,973.184611929755,843.070413992673,8706.26233231089,0.978822482991143,242260.692770081,7445.011438599,-1433.82675998338,0.838511894471474,0.838511894471474
1600,10163.5632944704,1600,1600–1700,明,1368,1644,225.421183664915,7928.78784614456,888.990588143148,1120.36367651547,9938.14211080317,0.855094438811761,248705.323019355,6444.63024927402,-3718.93304519638,0.634091613595824,0.634091613595824
1700,10113.3712895512,1700,1700–1800,清,1644,1911,174.368960675591,7508.05794646001,1165.78520123238,1265.15918118256,9939.00232887494,0.859338216979343,254232.726368578,5527.40334922299,-4585.96794032821,0.546544094048413,0.546544094048413
1800,9211.28933180034,1800,1800–1900,清,1644,1911,135.327340211125,6960.2514731451,862.01066693952,1253.6998515026,9075.96199158722,0.943495111114309,258936.032177599,4703.305809021,-4507.98352277934,0.510602331508974,0.510602331508974
1900,3671.69417423341,1900,1900–2000,清,1644,1911,38.2991846487049,2689.91997233104,487.103268181898,456.371749071719,3633.39498958466,2.36697449166706,262911.20031331,3975.16813571102,303.473961477611,1.08265229811548,1.08265229811548
